ID	AFR	EUR	NAT	UNK
HG00551	0.0774	0.765	0.1366	0.021
HG00553	0.1734	0.6331	0.1779	0.0155
HG00554	0.0704	0.8081	0.1106	0.0108
HG00637	0.1428	0.7205	0.1228	0.0139
HG00638	0.159	0.6848	0.1357	0.0205
HG00640	0.0666	0.8075	0.112	0.0139
HG00641	0.0799	0.7455	0.1582	0.0164
HG00731	0.021	0.8931	0.0714	0.0146
HG00732	0.0461	0.824	0.1163	0.0136
HG00733	0.0358	0.8518	0.099	0.0134
HG00734	0.1005	0.6935	0.1896	0.0163
HG00736	0.0484	0.8406	0.0988	0.0121
HG00737	0.0741	0.8068	0.1045	0.0146
HG00739	0.0472	0.8894	0.0548	0.0087
HG00740	0.1156	0.7258	0.1432	0.0154
HG00742	0.0478	0.8831	0.0554	0.0137
HG00743	0.0806	0.6844	0.2145	0.0206
HG01047	0.0776	0.8181	0.0887	0.0157
HG01048	0.1023	0.7427	0.1383	0.0166
HG01049	0.2159	0.6431	0.1229	0.0181
HG01051	0.206	0.6014	0.1762	0.0164
HG01052	0.2144	0.6044	0.1669	0.0143
HG01054	0.0538	0.773	0.1603	0.0129
HG01055	0.1192	0.7587	0.1074	0.0147
HG01058	0.1159	0.7258	0.1414	0.0169
HG01060	0.0823	0.7976	0.1055	0.0145
HG01061	0.0659	0.7945	0.1218	0.0178
HG01063	0.3538	0.5212	0.1126	0.0124
HG01064	0.1643	0.7056	0.1164	0.0137
HG01066	0.0575	0.8082	0.1206	0.0138
HG01067	0.065	0.788	0.1322	0.0148
HG01069	0.0706	0.7674	0.1487	0.0133
HG01070	0.0457	0.7966	0.142	0.0157
HG01072	0.072	0.7728	0.1409	0.0142
HG01073	0.0733	0.7624	0.1422	0.0221
HG01075	0.089	0.841	0.0561	0.0138
HG01077	0.1813	0.6303	0.1685	0.0199
HG01079	0.1526	0.7025	0.1293	0.0156
HG01080	0.0827	0.715	0.186	0.0162
HG01082	0.1868	0.6462	0.1522	0.0148
HG01083	0.0884	0.7362	0.1608	0.0146
HG01085	0.1169	0.7544	0.1135	0.0152
HG01086	0.1238	0.6848	0.1729	0.0185
HG01088	0.1737	0.7013	0.1103	0.0146
HG01089	0.1419	0.7043	0.1397	0.0141
HG01092	0.2359	0.6299	0.1214	0.0129
HG01094	0.1268	0.7392	0.1192	0.0148
HG01095	0.0969	0.7654	0.12	0.0177
HG01097	0.0859	0.7601	0.1373	0.0167
HG01098	0.0874	0.7671	0.1306	0.0149
HG01101	0.1389	0.6833	0.1614	0.0163
HG01102	0.1637	0.6945	0.1254	0.0164
HG01104	0.08	0.784	0.1236	0.0125
HG01105	0.0736	0.8368	0.0773	0.0124
HG01107	0.214	0.66	0.109	0.017
HG01108	0.6334	0.2924	0.0645	0.0097
HG01110	0.1154	0.7318	0.1354	0.0174
HG01111	0.1093	0.7404	0.1319	0.0185
HG01112	0.0142	0.9021	0.0747	0.009
HG01113	0.0118	0.7028	0.2737	0.0117
HG01119	0.0185	0.8453	0.127	0.0092
HG01121	0.0421	0.6539	0.2872	0.0168
HG01122	0.0608	0.7108	0.2128	0.0155
HG01124	0.1396	0.5757	0.2675	0.0171
HG01125	0.0896	0.655	0.2407	0.0146
HG01130	0.0556	0.6907	0.2384	0.0153
HG01131	0.0605	0.6747	0.2492	0.0156
HG01133	0.0189	0.8309	0.1374	0.0128
HG01134	0.1162	0.6607	0.2061	0.0171
HG01136	0.0812	0.6498	0.2484	0.0206
HG01137	0.0235	0.6168	0.3403	0.0193
HG01139	0.1666	0.53	0.2823	0.0212
HG01140	0.035	0.6889	0.2589	0.0173
HG01142	0.1792	0.4637	0.3404	0.0167
HG01148	0.0464	0.6901	0.2459	0.0175
HG01149	0.106	0.4636	0.4122	0.0183
HG01161	0.1756	0.6569	0.1525	0.015
HG01162	0.0921	0.7328	0.1579	0.0172
HG01164	0.094	0.7774	0.1162	0.0124
HG01167	0.2144	0.6412	0.1279	0.0164
HG01168	0.025	0.91	0.0583	0.0067
HG01170	0.1126	0.7308	0.1372	0.0194
HG01171	0.1833	0.6702	0.1308	0.0157
HG01173	0.0539	0.8766	0.0524	0.0171
HG01174	0.0644	0.8055	0.1155	0.0146
HG01176	0.0824	0.7498	0.1527	0.0151
HG01177	0.0723	0.7315	0.1752	0.021
HG01182	0.1273	0.7098	0.1423	0.0205
HG01183	0.1103	0.7148	0.1594	0.0155
HG01187	0.1756	0.5739	0.2332	0.0172
HG01188	0.203	0.5735	0.2037	0.0198
HG01190	0.1474	0.6317	0.205	0.0159
HG01191	0.0855	0.7115	0.1895	0.0135
HG01197	0.0619	0.7847	0.1357	0.0177
HG01198	0.1812	0.6584	0.1419	0.0184
HG01200	0.0405	0.8665	0.0818	0.0112
HG01204	0.0903	0.7565	0.1353	0.0179
HG01205	0.1103	0.7703	0.1068	0.0126
HG01241	0.6692	0.2524	0.0693	0.0091
HG01242	0.5027	0.4332	0.0548	0.0093
HG01247	0.1954	0.6355	0.1501	0.019
HG01248	0.1071	0.7695	0.1062	0.0172
HG01250	0.0731	0.616	0.29	0.0209
HG01251	0.0221	0.7159	0.2471	0.0149
HG01253	0.0465	0.7339	0.2045	0.015
HG01254	0.1689	0.5439	0.2684	0.0188
HG01256	0.0088	0.8169	0.1622	0.0121
HG01257	0.0163	0.6888	0.2767	0.0182
HG01259	0.0271	0.8447	0.1154	0.0128
HG01260	0.1228	0.5712	0.2873	0.0187
HG01269	0.069	0.6711	0.2439	0.016
HG01271	0.0752	0.6762	0.2355	0.0131
HG01272	0.1817	0.5217	0.2806	0.0159
HG01275	0.0088	0.9522	0.0318	0.0072
HG01277	0.0147	0.6444	0.3218	0.0191
HG01280	0.0191	0.7155	0.2512	0.0142
HG01281	0.0213	0.7241	0.2393	0.0153
HG01284	0.0611	0.7182	0.2063	0.0144
HG01286	0.2303	0.6203	0.1358	0.0136
HG01302	0.1062	0.6999	0.1772	0.0167
HG01303	0.1092	0.6932	0.1811	0.0165
HG01305	0.1433	0.6773	0.1632	0.0161
HG01308	0.2182	0.6186	0.1442	0.019
HG01311	0.084	0.8133	0.0894	0.0133
HG01312	0.1235	0.7295	0.1299	0.0171
HG01323	0.1041	0.7324	0.1492	0.0143
HG01325	0.1257	0.7638	0.0948	0.0157
HG01326	0.097	0.7051	0.1764	0.0215
HG01341	0.0114	0.415	0.5611	0.0125
HG01342	0.3385	0.4279	0.2213	0.0123
HG01344	0.0305	0.5647	0.385	0.0198
HG01345	0.0518	0.7227	0.2128	0.0126
HG01348	0.0409	0.5785	0.3593	0.0213
HG01350	0.0752	0.5561	0.3533	0.0153
HG01351	0.0129	0.6984	0.2699	0.0188
HG01353	0.0245	0.7724	0.1841	0.019
HG01354	0.014	0.8282	0.146	0.0118
HG01356	0.0552	0.6381	0.2868	0.02
HG01357	0.0133	0.7025	0.2695	0.0148
HG01359	0.0415	0.7073	0.2351	0.0161
HG01360	0.0581	0.709	0.2156	0.0173
HG01362	0.1154	0.6581	0.2127	0.0138
HG01363	0.1742	0.5108	0.2992	0.0157
HG01365	0.1431	0.5866	0.2566	0.0137
HG01366	0.1079	0.64	0.2373	0.0148
HG01369	0.1241	0.381	0.4818	0.0131
HG01372	0.036	0.6587	0.2875	0.0179
HG01374	0.018	0.7213	0.2421	0.0186
HG01375	0.1361	0.5656	0.2819	0.0164
HG01377	0.095	0.6045	0.2839	0.0166
HG01378	0.0426	0.5884	0.3491	0.0198
HG01383	0.0263	0.7347	0.2228	0.0162
HG01384	0.0522	0.7152	0.2185	0.0141
HG01389	0.0517	0.8017	0.1331	0.0135
HG01390	0.2725	0.4285	0.2825	0.0165
HG01392	0.1589	0.6549	0.1694	0.0168
HG01393	0.2085	0.6451	0.131	0.0154
HG01395	0.0734	0.7976	0.1171	0.0119
HG01396	0.1649	0.6229	0.1908	0.0214
HG01398	0.1597	0.6685	0.1527	0.0191
HG01402	0.156	0.653	0.1709	0.0202
HG01403	0.163	0.6502	0.1687	0.0181
HG01405	0.0903	0.7859	0.107	0.0168
HG01412	0.0807	0.6942	0.2089	0.0162
HG01413	0.1347	0.6661	0.1832	0.016
HG01414	0.1301	0.6998	0.1546	0.0156
HG01431	0.1056	0.6194	0.2592	0.0158
HG01432	0.0295	0.724	0.2338	0.0128
HG01435	0.0443	0.4567	0.483	0.016
HG01437	0.0103	0.8616	0.1166	0.0115
HG01438	0.0124	0.942	0.038	0.0077
HG01440	0.1644	0.5913	0.2284	0.016
HG01441	0.0197	0.5808	0.3813	0.0182
HG01443	0.0548	0.3932	0.5356	0.0164
HG01444	0.0982	0.6154	0.27	0.0164
HG01447	0.0661	0.6945	0.225	0.0144
HG01455	0.0373	0.5721	0.3766	0.014
HG01456	0.0494	0.5714	0.3651	0.0142
HG01459	0.0306	0.5625	0.395	0.0119
HG01461	0.1742	0.4471	0.3615	0.0173
HG01462	0.2839	0.4055	0.2897	0.0209
HG01464	0.1865	0.4977	0.2993	0.0165
HG01465	0.0139	0.8019	0.1697	0.0145
HG01468	0.017	0.8028	0.1642	0.0161
HG01474	0.013	0.8249	0.1493	0.0128
HG01479	0.0236	0.8467	0.1186	0.0112
HG01485	0.3616	0.3809	0.2426	0.0148
HG01486	0.0372	0.6124	0.3311	0.0193
HG01488	0.1417	0.7074	0.1348	0.016
HG01489	0.0146	0.8617	0.1118	0.012
HG01491	0.0091	0.8322	0.1469	0.0118
HG01492	0.0225	0.7644	0.202	0.0111
HG01494	0.0944	0.5002	0.3877	0.0177
HG01495	0.1222	0.4944	0.3632	0.0201
HG01497	0.0432	0.5894	0.3494	0.018
HG01498	0.0421	0.6177	0.3241	0.0161
HG01550	0.0583	0.7236	0.2029	0.0151
HG01551	0.3827	0.3868	0.2163	0.0142
HG01556	0.2317	0.4365	0.3144	0.0174
HG01565	0.009	0.3132	0.6638	0.014
HG01566	0.0141	0.5261	0.4418	0.0181
HG01571	0.0057	0.3467	0.6361	0.0115
HG01572	0.001	0.0784	0.915	0.0055
HG01577	0.0659	0.515	0.4092	0.0099
HG01578	0.0118	0.4039	0.5706	0.0137
HG01879	0.8356	0.1575	0.0012	0.0058
HG01880	0.548	0.4259	0.0101	0.016
HG01882	0.9581	0.0385	0.0003	0.0031
HG01883	0.8566	0.1386	0.0009	0.004
HG01885	0.9385	0.0579	0.0007	0.0028
HG01886	0.8825	0.1156	0.0	0.0019
HG01889	0.9664	0.0315	0.0006	0.0015
HG01890	0.8713	0.1233	0.0012	0.0041
HG01892	0.0639	0.2267	0.6976	0.0118
HG01893	0.1213	0.3156	0.5497	0.0134
HG01894	0.9067	0.0906	0.0	0.0027
HG01896	0.9638	0.0327	0.0015	0.002
HG01912	0.8922	0.0994	0.0008	0.0076
HG01914	0.844	0.1445	0.0067	0.0048
HG01915	0.9208	0.0719	0.0007	0.0066
HG01917	0.0154	0.1498	0.8214	0.0135
HG01918	0.0056	0.2419	0.7411	0.0115
HG01920	0.0006	0.0531	0.941	0.0052
HG01921	0.0032	0.2607	0.7243	0.0117
HG01923	0.0041	0.0851	0.9066	0.0041
HG01924	0.1132	0.2025	0.6699	0.0144
HG01926	0.0033	0.0374	0.9567	0.0027
HG01927	0.0016	0.0844	0.9057	0.0083
HG01932	0.0033	0.2222	0.7636	0.0109
HG01933	0.0967	0.2522	0.6365	0.0146
HG01935	0.0091	0.2785	0.7008	0.0116
HG01936	0.0363	0.3199	0.6286	0.0152
HG01938	0.0031	0.0383	0.9549	0.0037
HG01939	0.0145	0.2375	0.7376	0.0104
HG01941	0.0619	0.1425	0.7871	0.0086
HG01942	0.0107	0.1752	0.806	0.0081
HG01944	0.0104	0.3271	0.6243	0.0382
HG01945	0.012	0.2327	0.7386	0.0167
HG01947	0.0301	0.3521	0.5982	0.0197
HG01948	0.1703	0.1741	0.6425	0.013
HG01950	0.0596	0.1156	0.8136	0.0111
HG01951	0.0251	0.0413	0.9298	0.0038
HG01953	0.0168	0.1224	0.8563	0.0045
HG01954	0.0076	0.1035	0.882	0.0069
HG01956	0.9202	0.0753	0.0009	0.0036
HG01958	0.8571	0.1364	0.0019	0.0046
HG01961	0.0	0.034	0.9635	0.0026
HG01965	0.087	0.3159	0.5837	0.0134
HG01967	0.0105	0.3671	0.6089	0.0136
HG01968	0.0057	0.0631	0.9257	0.0054
HG01970	0.0056	0.3437	0.6311	0.0195
HG01971	0.1636	0.2809	0.5434	0.0122
HG01973	0.0369	0.1816	0.7715	0.01
HG01974	0.0065	0.0661	0.9233	0.0041
HG01976	0.0111	0.3214	0.6493	0.0182
HG01977	0.0044	0.2331	0.7509	0.0116
HG01979	0.012	0.2892	0.681	0.0178
HG01980	0.036	0.2634	0.6836	0.0171
HG01982	0.0089	0.2315	0.749	0.0106
HG01983	0.0055	0.3142	0.6668	0.0135
HG01985	0.9134	0.0827	0.0002	0.0036
HG01986	0.8669	0.1258	0.0006	0.0067
HG01988	0.5611	0.4339	0.0004	0.0046
HG01989	0.8447	0.1494	0.0002	0.0056
HG01990	0.9258	0.0681	0.0022	0.0039
HG01991	0.0195	0.2611	0.7061	0.0134
HG01992	0.0031	0.1235	0.8655	0.008
HG01997	0.0064	0.1395	0.8455	0.0086
HG02002	0.0073	0.2324	0.7502	0.0101
HG02003	0.01	0.1942	0.7826	0.0132
HG02006	0.3845	0.2941	0.3067	0.0147
HG02008	0.0133	0.1685	0.8061	0.0121
HG02009	0.8471	0.148	0.0009	0.004
HG02010	0.8365	0.1572	0.0022	0.0041
HG02012	0.9176	0.0796	0.0001	0.0027
HG02013	0.9657	0.0293	0.0001	0.005
HG02014	0.8656	0.1305	0.0	0.0038
HG02051	0.9683	0.0294	0.0	0.0023
HG02052	0.9622	0.0352	0.0	0.0027
HG02053	0.9346	0.0611	0.0012	0.0031
HG02054	0.8671	0.1287	0.0009	0.0032
HG02089	0.0189	0.3336	0.6336	0.0138
HG02090	0.1219	0.3223	0.5425	0.0133
HG02095	0.9272	0.071	0.0	0.0019
HG02102	0.0165	0.1717	0.8029	0.0089
HG02104	0.004	0.1338	0.8532	0.0089
HG02105	0.0023	0.0871	0.9004	0.0102
HG02107	0.9615	0.0367	0.0002	0.0016
HG02108	0.8359	0.1592	0.0019	0.003
HG02111	0.9187	0.0767	0.001	0.0036
HG02143	0.8177	0.1765	0.0014	0.0044
HG02144	0.9365	0.0611	0.0003	0.0021
HG02146	0.0066	0.1444	0.8402	0.0087
HG02147	0.0042	0.1087	0.8807	0.0063
HG02150	0.0013	0.0832	0.9105	0.0049
HG02252	0.0213	0.3433	0.6228	0.0125
HG02253	0.0095	0.449	0.5265	0.0151
HG02255	0.9243	0.0706	0.0015	0.0037
HG02256	0.7863	0.1892	0.0208	0.0037
HG02259	0.006	0.0502	0.9394	0.0044
HG02260	0.0063	0.1881	0.7979	0.0076
HG02262	0.0071	0.2328	0.751	0.0092
HG02265	0.0024	0.0938	0.8902	0.0136
HG02266	0.0057	0.0899	0.8984	0.006
HG02271	0.0099	0.0529	0.934	0.0032
HG02272	0.0	0.019	0.9789	0.002
HG02274	0.2554	0.159	0.5752	0.0103
HG02275	0.0036	0.0722	0.9182	0.006
HG02277	0.0029	0.3209	0.6627	0.0135
HG02278	0.0122	0.1107	0.8677	0.0095
HG02281	0.9502	0.0455	0.0013	0.0029
HG02282	0.7946	0.1972	0.0021	0.0061
HG02283	0.7898	0.204	0.0014	0.0047
HG02284	0.8348	0.1607	0.0002	0.0042
HG02285	0.0154	0.2141	0.7598	0.0107
HG02286	0.0102	0.2585	0.719	0.0123
HG02291	0.0023	0.0654	0.9237	0.0086
HG02292	0.0024	0.1606	0.829	0.0081
HG02298	0.0146	0.3761	0.5929	0.0165
HG02299	0.0017	0.1704	0.819	0.009
HG02301	0.0071	0.1845	0.7968	0.0116
HG02304	0.0532	0.1924	0.7428	0.0116
HG02307	0.9317	0.0621	0.0007	0.0055
HG02308	0.8814	0.1122	0.0	0.0064
HG02309	0.8917	0.1055	0.0	0.0029
HG02312	0.0054	0.3779	0.6016	0.015
HG02314	0.9272	0.0701	0.0	0.0026
HG02315	0.867	0.126	0.0	0.007
HG02317	0.936	0.0602	0.0001	0.0037
HG02318	0.9518	0.0437	0.0008	0.0037
HG02322	0.8693	0.1268	0.0	0.0039
HG02323	0.9266	0.0695	0.0006	0.0033
HG02325	0.9712	0.0252	0.0014	0.0023
HG02330	0.8857	0.1111	0.0	0.0033
HG02332	0.9032	0.0942	0.0	0.0026
HG02334	0.7625	0.2325	0.0002	0.0048
HG02337	0.8698	0.1267	0.0002	0.0034
HG02339	0.9777	0.0203	0.0002	0.0018
HG02343	0.775	0.2212	0.0002	0.0036
HG02345	0.0714	0.4413	0.4656	0.0217
HG02348	0.0114	0.1831	0.7921	0.0134
HG02419	0.9333	0.0638	0.0004	0.0025
HG02420	0.5725	0.4222	0.0005	0.0048
HG02425	0.0583	0.3806	0.5447	0.0164
HG02427	0.9084	0.0873	0.0012	0.003
HG02429	0.9048	0.0923	0.0	0.0029
HG02433	0.8721	0.1238	0.0008	0.0032
HG02439	0.9371	0.0542	0.002	0.0066
HG02442	0.9748	0.0218	0.0013	0.002
HG02445	0.8303	0.1645	0.0002	0.005
HG02449	0.9407	0.0556	0.0008	0.0029
HG02450	0.9142	0.0826	0.0003	0.003
HG02455	0.8551	0.136	0.0007	0.0081
HG02470	0.9281	0.0687	0.0003	0.003
HG02471	0.9242	0.0733	0.0002	0.0023
HG02476	0.8349	0.1601	0.0001	0.0048
HG02477	0.8582	0.1349	0.0005	0.0064
HG02479	0.9013	0.0955	0.0001	0.0031
HG02481	0.9018	0.0889	0.0036	0.0057
HG02484	0.8943	0.1034	0.0	0.0023
HG02485	0.7387	0.2567	0.0	0.0046
HG02489	0.8694	0.1238	0.0022	0.0047
HG02496	0.9171	0.0796	0.0006	0.0028
HG02497	0.9383	0.0524	0.0064	0.0029
HG02501	0.7756	0.2163	0.0003	0.0077
HG02502	0.823	0.1738	0.0001	0.0031
HG02505	0.9022	0.0902	0.0007	0.0069
HG02508	0.9178	0.0748	0.0018	0.0056
HG02511	0.9373	0.055	0.0049	0.0027
HG02536	0.8108	0.186	0.0004	0.0029
HG02537	0.9457	0.0513	0.0003	0.0027
HG02541	0.8166	0.1777	0.0007	0.005
HG02545	0.9111	0.082	0.0004	0.0066
HG02546	0.92	0.0716	0.0053	0.0031
HG02549	0.9603	0.0353	0.0023	0.0022
HG02554	0.8863	0.1075	0.0024	0.0038
HG02555	0.8914	0.105	0.0005	0.0031
HG02557	0.929	0.0668	0.0012	0.0031
HG02558	0.8979	0.0968	0.001	0.0043
HG02577	0.7964	0.1972	0.0006	0.0058
HG02580	0.8487	0.1492	0.0	0.0021
NA19625	0.6532	0.1331	0.2051	0.0086
NA19648	0.0085	0.9197	0.0634	0.0084
NA19649	0.028	0.7453	0.2112	0.0155
NA19651	0.0512	0.6747	0.2521	0.0221
NA19652	0.0384	0.6879	0.2577	0.016
NA19654	0.056	0.3953	0.5284	0.0203
NA19655	0.0441	0.641	0.2993	0.0157
NA19657	0.0502	0.3631	0.5698	0.0169
NA19658	0.0287	0.6405	0.3181	0.0127
NA19660	0.04	0.4969	0.4463	0.0168
NA19661	0.0453	0.4755	0.4592	0.0199
NA19663	0.0725	0.34	0.5721	0.0154
NA19664	0.0564	0.4438	0.4821	0.0177
NA19669	0.0218	0.6326	0.3278	0.0177
NA19670	0.0527	0.4864	0.4428	0.0181
NA19675	0.0412	0.83	0.1182	0.0106
NA19676	0.0309	0.6644	0.2894	0.0154
NA19678	0.0662	0.7179	0.1995	0.0164
NA19679	0.0184	0.9346	0.0387	0.0082
NA19681	0.0497	0.3775	0.5595	0.0133
NA19682	0.0227	0.4959	0.4669	0.0145
NA19684	0.0145	0.6984	0.2778	0.0093
NA19685	0.0456	0.5083	0.4273	0.0188
NA19700	0.8139	0.1808	0.0001	0.0052
NA19701	0.8277	0.1368	0.0267	0.0088
NA19703	0.8379	0.1538	0.0025	0.0058
NA19704	0.8335	0.154	0.0039	0.0087
NA19707	0.7141	0.2651	0.0116	0.0092
NA19711	0.8782	0.1137	0.0036	0.0045
NA19712	0.875	0.1122	0.0059	0.0068
NA19713	0.726	0.2667	0.0018	0.0055
NA19716	0.0567	0.41	0.5175	0.0158
NA19717	0.0432	0.3731	0.5658	0.0178
NA19719	0.0597	0.5252	0.398	0.0171
NA19720	0.0558	0.3117	0.6172	0.0153
NA19722	0.0503	0.4803	0.448	0.0213
NA19723	0.0853	0.4287	0.4682	0.0178
NA19725	0.0351	0.6202	0.3275	0.0172
NA19726	0.0134	0.3719	0.6009	0.0139
NA19728	0.0094	0.0812	0.9019	0.0074
NA19729	0.0137	0.1181	0.8606	0.0076
NA19731	0.0098	0.0607	0.9199	0.0096
NA19732	0.0073	0.0591	0.9285	0.0051
NA19734	0.019	0.3651	0.5989	0.017
NA19735	0.0233	0.1526	0.8135	0.0106
NA19740	0.0295	0.2395	0.7173	0.0137
NA19741	0.011	0.1696	0.8089	0.0105
NA19746	0.0405	0.286	0.6609	0.0127
NA19747	0.0333	0.438	0.5073	0.0214
NA19749	0.0419	0.6035	0.3288	0.0259
NA19750	0.0376	0.6703	0.2793	0.0127
NA19752	0.0307	0.4812	0.4738	0.0143
NA19755	0.0543	0.284	0.6446	0.0171
NA19756	0.0642	0.4598	0.4578	0.0183
NA19758	0.0178	0.2308	0.7375	0.0139
NA19759	0.0227	0.2411	0.7239	0.0123
NA19761	0.056	0.4076	0.5178	0.0186
NA19762	0.0599	0.3367	0.5856	0.0178
NA19764	0.0529	0.5734	0.359	0.0146
NA19770	0.0506	0.55	0.3829	0.0165
NA19771	0.0491	0.4538	0.4792	0.0179
NA19773	0.0279	0.6079	0.3506	0.0135
NA19774	0.0592	0.4801	0.4464	0.0143
NA19776	0.0946	0.4541	0.4343	0.0169
NA19777	0.079	0.4909	0.4137	0.0165
NA19779	0.0384	0.6439	0.3006	0.0171
NA19780	0.0333	0.6103	0.3332	0.0232
NA19782	0.0623	0.4864	0.435	0.0163
NA19783	0.0166	0.2693	0.6989	0.0152
NA19785	0.0498	0.2789	0.6535	0.0178
NA19786	0.0434	0.378	0.5612	0.0174
NA19788	0.0483	0.33	0.6058	0.016
NA19789	0.0693	0.5098	0.4055	0.0154
NA19792	0.0546	0.6374	0.2929	0.015
NA19794	0.0328	0.6573	0.2926	0.0173
NA19795	0.0594	0.4563	0.4678	0.0166
NA19818	0.7149	0.2665	0.0125	0.006
NA19819	0.7049	0.2811	0.0063	0.0077
NA19834	0.7507	0.2424	0.0012	0.0056
NA19835	0.8262	0.1658	0.0024	0.0056
NA19900	0.8185	0.1704	0.0051	0.006
NA19901	0.9031	0.0795	0.0103	0.0072
NA19904	0.8038	0.1904	0.0008	0.005
NA19908	0.8744	0.117	0.0035	0.005
NA19909	0.8666	0.1036	0.0242	0.0056
NA19913	0.8308	0.1523	0.0114	0.0054
NA19914	0.6879	0.2966	0.0048	0.0106
NA19916	0.8769	0.1127	0.0012	0.0093
NA19917	0.8983	0.0917	0.0068	0.0032
NA19920	0.8886	0.1051	0.0015	0.0049
NA19921	0.5672	0.3159	0.111	0.0058
NA19922	0.6941	0.2945	0.0061	0.0054
NA19923	0.6114	0.3801	0.0021	0.0064
NA19982	0.8566	0.1349	0.0032	0.0053
NA19984	0.8607	0.1294	0.0053	0.0047
NA19985	0.7079	0.2854	0.0011	0.0056
NA20126	0.6855	0.3027	0.0042	0.0076
NA20127	0.899	0.0923	0.0038	0.0049
NA20274	0.3055	0.2229	0.4636	0.008
NA20276	0.8111	0.178	0.0046	0.0063
NA20278	0.4876	0.5078	0.001	0.0035
NA20281	0.8296	0.1621	0.0016	0.0066
NA20282	0.7312	0.2507	0.0127	0.0054
NA20287	0.8226	0.1632	0.0077	0.0065
NA20289	0.7734	0.2213	0.0006	0.0046
NA20291	0.9704	0.0251	0.0018	0.0027
NA20294	0.849	0.1429	0.0031	0.0049
NA20296	0.7733	0.2107	0.0093	0.0067
NA20298	0.9171	0.0687	0.0095	0.0047
NA20299	0.4146	0.1382	0.4383	0.0089
NA20314	0.0037	0.3359	0.6507	0.0096
NA20317	0.7131	0.2777	0.0038	0.0054
NA20318	0.7117	0.2409	0.0412	0.0061
NA20320	0.888	0.0944	0.013	0.0046
NA20321	0.7786	0.2071	0.0092	0.0051
NA20322	0.7495	0.2393	0.0057	0.0055
NA20332	0.7784	0.2092	0.008	0.0044
NA20334	0.6232	0.3726	0.0002	0.004
NA20336	0.6133	0.3821	0.0002	0.0043
NA20339	0.873	0.0847	0.0388	0.0036
NA20340	0.8357	0.1524	0.0069	0.0049
NA20341	0.7806	0.2072	0.0065	0.0057
NA20342	0.5886	0.3876	0.0109	0.0129
NA20344	0.7578	0.237	0.0007	0.0045
NA20346	0.8204	0.1551	0.0182	0.0063
NA20348	0.8367	0.1537	0.0037	0.0059
NA20351	0.664	0.3222	0.008	0.0058
NA20355	0.798	0.1955	0.0008	0.0056
NA20356	0.848	0.1471	0.0	0.0049
NA20357	0.8856	0.1015	0.0052	0.0077
NA20359	0.7676	0.2229	0.0042	0.0053
NA20362	0.7643	0.2211	0.0084	0.0062
NA20412	0.7545	0.2037	0.0362	0.0056
